60
00111100
-92
10100100
-13
11110011
99
01100011
-38
11011010
-79
10110001
38
00100110
-92
10100100
92
01011100
-38
11011010
-38
11011010
92
01011100
13
00001101
-38
11011010
60
00111100
-79
10110001
92
01011100
-99
10011101
-13
11110011
38
00100110
-60
11000100
79
01001111
-92
10100100
99
01100011
-38
11011010
92
01011100
-92
10100100
38
00100110
38
00100110
-92
10100100
-60
11000100
92
01011100
13
00001101
-99
10011101
38
00100110
79
01001111
-79
10110001
38
00100110
99
01100011
13
00001101
-92
10100100
-60
11000100
-92
10100100
-38
11011010
38
00100110
92
01011100
92
01011100
38
00100110
-99
10011101
-92
10100100
-79
10110001
-60
11000100
-38
11011010
-13
11110011
-99
10011101
-92
10100100
-79
10110001
-60
11000100
-38
11011010
-13
11110011
-92
10100100
-38
11011010
38
00100110
92
01011100
92
01011100
38
00100110
-79
10110001
38
00100110
99
01100011
13
00001101
-92
10100100
-60
11000100
67
01000011
-79
10110001
-53
11001011
88
01011000
38
00100110
-95
10100001
-21
11101011
99
01100011
4
00000100
-99
10011101
13
00001101
97
01100001
-30
11100010
-92
10100100
46
00101110
84
01010100
-60
11000100
-73
10110111
60
00111100
-92
10100100
-13
11110011
99
01100011
-38
11011010
-79
10110001
79
01001111
38
00100110
-99
10011101
13
00001101
92
01011100
-60
11000100
-60
11000100
92
01011100
13
00001101
-99
10011101
38
00100110
79
01001111
53
00110101
-99
10011101
30
00011110
73
01001001
-92
10100100
4
00000100
88
01011000
-79
10110001
-21
11101011
97
01100001
-60
11000100
-46
11010010
99
01100011
-38
11011010
-67
10111101
95
01011111
-13
11110011
-84
10101100
46
00101110
-99
10011101
67
01000011
21
00010101
-92
10100100
84
01010100
-4
11111100
-79
10110001
95
01011111
-30
11100010
-60
11000100
99
01100011
-53
11001011
-38
11011010
97
01100001
-73
10110111
-13
11110011
88
01011000
38
00100110
-92
10100100
92
01011100
-38
11011010
-38
11011010
92
01011100
-92
10100100
38
00100110
38
00100110
-92
10100100
92
01011100
-38
11011010
-38
11011010
92
01011100
-92
10100100
38
00100110
38
00100110
-92
10100100
30
00011110
-79
10110001
99
01100011
-84
10101100
38
00100110
21
00010101
-73
10110111
99
01100011
-88
10101000
46
00101110
13
00001101
-67
10111101
97
01100001
-92
10100100
53
00110101
4
00000100
-60
11000100
95
01011111
21
00010101
-60
11000100
88
01011000
-99
10011101
92
01011100
-67
10111101
30
00011110
13
00001101
-53
11001011
84
01010100
-99
10011101
95
01011111
-73
10110111
38
00100110
4
00000100
-46
11010010
79
01001111
-97
10011111
13
00001101
-38
11011010
60
00111100
-79
10110001
92
01011100
-99
10011101
99
01100011
-92
10100100
79
01001111
-60
11000100
38
00100110
-13
11110011
-13
11110011
38
00100110
-60
11000100
79
01001111
-92
10100100
99
01100011
4
00000100
-13
11110011
21
00010101
-30
11100010
38
00100110
-46
11010010
53
00110101
-60
11000100
67
01000011
-73
10110111
79
01001111
-84
10101100
88
01011000
-92
10100100
95
01011111
-97
10011111
99
01100011
-99
10011101
-4
11111100
13
00001101
-21
11101011
30
00011110
-38
11011010
46
00101110
-53
11001011
60
00111100
-67
10111101
73
01001001
-79
10110001
84
01010100
-88
10101000
92
01011100
-95
10100001
97
01100001
-99
10011101
99
01100011
-13
11110011
38
00100110
-60
11000100
79
01001111
-92
10100100
99
01100011
-99
10011101
92
01011100
-79
10110001
60
00111100
-38
11011010
13
00001101
13
00001101
-38
11011010
60
00111100
-79
10110001
92
01011100
-99
10011101
-21
11101011
60
00111100
-88
10101000
99
01100011
-92
10100100
67
01000011
-30
11100010
-13
11110011
53
00110101
-84
10101100
99
01100011
-95
10100001
73
01001001
-38
11011010
-4
11111100
46
00101110
-79
10110001
97
01100001
-30
11100010
79
01001111
-99
10011101
84
01010100
-38
11011010
-21
11101011
73
01001001
-99
10011101
88
01011000
-46
11010010
-13
11110011
67
01000011
-97
10011111
92
01011100
-53
11001011
-4
11111100
60
00111100
-95
10100001
-38
11011010
92
01011100
-92
10100100
38
00100110
38
00100110
-92
10100100
92
01011100
-38
11011010
-38
11011010
92
01011100
-92
10100100
38
00100110
38
00100110
-92
10100100
92
01011100
-38
11011010
-38
11011010
92
01011100
-46
11010010
99
01100011
-67
10111101
-21
11101011
92
01011100
-84
10101100
4
00000100
79
01001111
-95
10100001
30
00011110
60
00111100
-99
10011101
53
00110101
38
00100110
-97
10011111
73
01001001
13
00001101
-88
10101000
-53
11001011
99
01100011
-30
11100010
-73
10110111
92
01011100
-4
11111100
-88
10101000
79
01001111
21
00010101
-97
10011111
60
00111100
46
00101110
-99
10011101
38
00100110
67
01000011
-95
10100001
13
00001101
84
01010100
-60
11000100
92
01011100
13
00001101
-99
10011101
38
00100110
79
01001111
-79
10110001
-38
11011010
99
01100011
-13
11110011
-92
10100100
60
00111100
60
00111100
-92
10100100
-13
11110011
99
01100011
-38
11011010
-79
10110001
-67
10111101
79
01001111
53
00110101
-88
10101000
-38
11011010
95
01011111
21
00010101
-99
10011101
-4
11111100
99
01100011
-13
11110011
-97
10011111
30
00011110
92
01011100
-46
11010010
-84
10101100
60
00111100
73
01001001
-73
10110111
60
00111100
84
01010100
-46
11010010
-92
10100100
30
00011110
97
01100001
-13
11110011
-99
10011101
-4
11111100
99
01100011
21
00010101
-95
10100001
-38
11011010
88
01011000
53
00110101
-79
10110001
-67
10111101
-79
10110001
38
00100110
99
01100011
13
00001101
-92
10100100
-60
11000100
60
00111100
92
01011100
-13
11110011
-99
10011101
-38
11011010
79
01001111
79
01001111
-38
11011010
-99
10011101
-13
11110011
92
01011100
60
00111100
-84
10101100
13
00001101
95
01011111
67
01000011
-38
11011010
-99
10011101
-46
11010010
60
00111100
97
01100001
21
00010101
-79
10110001
-88
10101000
4
00000100
92
01011100
73
01001001
-30
11100010
-99
10011101
-53
11001011
-88
10101000
-13
11110011
73
01001001
97
01100001
38
00100110
-53
11001011
-99
10011101
-60
11000100
30
00011110
95
01011111
79
01001111
-4
11111100
-84
10101100
-92
10100100
-21
11101011
67
01000011
99
01100011
46
00101110
-92
10100100
-38
11011010
38
00100110
92
01011100
92
01011100
38
00100110
-38
11011010
-92
10100100
-92
10100100
-38
11011010
38
00100110
92
01011100
92
01011100
38
00100110
-38
11011010
-92
10100100
-92
10100100
-38
11011010
-95
10100001
-60
11000100
-4
11111100
53
00110101
92
01011100
97
01100001
67
01000011
13
00001101
-46
11010010
-88
10101000
-99
10011101
-73
10110111
-21
11101011
38
00100110
84
01010100
99
01100011
79
01001111
30
00011110
-97
10011111
-79
10110001
-46
11010010
-4
11111100
38
00100110
73
01001001
95
01011111
99
01100011
84
01010100
53
00110101
13
00001101
-30
11100010
-67
10111101
-92
10100100
-99
10011101
-88
10101000
-60
11000100
-21
11101011
-99
10011101
-92
10100100
-79
10110001
-60
11000100
-38
11011010
-13
11110011
13
00001101
38
00100110
60
00111100
79
01001111
92
01011100
99
01100011
99
01100011
92
01011100
79
01001111
60
00111100
38
00100110
13
00001101
-99
10011101
-99
10011101
-97
10011111
-95
10100001
-92
10100100
-88
10101000
-84
10101100
-79
10110001
-73
10110111
-67
10111101
-60
11000100
-53
11001011
-46
11010010
-38
11011010
-30
11100010
-21
11101011
-13
11110011
-4
11111100
-99
10011101
-99
10011101
-97
10011111
-95
10100001
-92
10100100
-88
10101000
-84
10101100
-79
10110001
-73
10110111
-67
10111101
-60
11000100
-53
11001011
-46
11010010
-38
11011010
-30
11100010
-21
11101011
-13
11110011
-4
11111100
-99
10011101
-92
10100100
-79
10110001
-60
11000100
-38
11011010
-13
11110011
13
00001101
38
00100110
60
00111100
79
01001111
92
01011100
99
01100011
99
01100011
92
01011100
79
01001111
60
00111100
38
00100110
13
00001101
-97
10011111
-79
10110001
-46
11010010
-4
11111100
38
00100110
73
01001001
95
01011111
99
01100011
84
01010100
53
00110101
13
00001101
-30
11100010
-67
10111101
-92
10100100
-99
10011101
-88
10101000
-60
11000100
-21
11101011
-95
10100001
-60
11000100
-4
11111100
53
00110101
92
01011100
97
01100001
67
01000011
13
00001101
-46
11010010
-88
10101000
-99
10011101
-73
10110111
-21
11101011
38
00100110
84
01010100
99
01100011
79
01001111
30
00011110
-92
10100100
-38
11011010
38
00100110
92
01011100
92
01011100
38
00100110
-38
11011010
-92
10100100
-92
10100100
-38
11011010
38
00100110
92
01011100
92
01011100
38
00100110
-38
11011010
-92
10100100
-92
10100100
-38
11011010
-88
10101000
-13
11110011
73
01001001
97
01100001
38
00100110
-53
11001011
-99
10011101
-60
11000100
30
00011110
95
01011111
79
01001111
-4
11111100
-84
10101100
-92
10100100
-21
11101011
67
01000011
99
01100011
46
00101110
-84
10101100
13
00001101
95
01011111
67
01000011
-38
11011010
-99
10011101
-46
11010010
60
00111100
97
01100001
21
00010101
-79
10110001
-88
10101000
4
00000100
92
01011100
73
01001001
-30
11100010
-99
10011101
-53
11001011
-79
10110001
38
00100110
99
01100011
13
00001101
-92
10100100
-60
11000100
60
00111100
92
01011100
-13
11110011
-99
10011101
-38
11011010
79
01001111
79
01001111
-38
11011010
-99
10011101
-13
11110011
92
01011100
60
00111100
-73
10110111
60
00111100
84
01010100
-46
11010010
-92
10100100
30
00011110
97
01100001
-13
11110011
-99
10011101
-4
11111100
99
01100011
21
00010101
-95
10100001
-38
11011010
88
01011000
53
00110101
-79
10110001
-67
10111101
